# oST version 5.0 parameters


[image]

width
1920

height
1080

[camera]

camera matrix
1041.824946 0.000000 974.725015
0.000000 1038.352116 547.612079
0.000000 0.000000 1.000000

distortion
0.027598 -0.028992 -0.000123 0.000054 0.000000

rectification
1.000000 0.000000 0.000000
0.000000 1.000000 0.000000
0.000000 0.000000 1.000000

projection
1044.536120 0.000000 975.440431 0.000000
0.000000 1045.220140 547.482222 0.000000
0.000000 0.000000 1.000000 0.000000
