# oST version 5.0 parameters


[image]

width
1920

height
1080

[camera]

camera matrix
1060.264661 0.000000 989.819031
0.000000 1060.443017 540.323477
0.000000 0.000000 1.000000

distortion
0.027523 -0.029621 0.000153 -0.001103 0.000000

rectification
1.000000 0.000000 0.000000
0.000000 1.000000 0.000000
0.000000 0.000000 1.000000

projection
1063.268320 0.000000 987.920794 0.000000
0.000000 1068.327977 540.485448 0.000000
0.000000 0.000000 1.000000 0.000000