# oST version 5.0 parameters


[image]

width
512

height
424

[camera]

camera matrix
362.057331 0.000000 257.619442
0.000000 363.052567 207.118962
0.000000 0.000000 1.000000

distortion
0.109675 -0.223759 0.003663 0.003509 0.000000

rectification
1.000000 0.000000 0.000000
0.000000 1.000000 0.000000
0.000000 0.000000 1.000000

projection
361.567411 0.000000 260.038693 0.000000
0.000000 367.368981 208.364294 0.000000
0.000000 0.000000 1.000000 0.000000
